{
  "height": 30,
  "width": 162,
  "x": 361.15625,
  "y": 1771.109375
}