{
  "height": 30,
  "width": 153,
  "x": 360.609375,
  "y": 1751.96875
}