{
  "height": 30,
  "width": 224,
  "x": 358.90625,
  "y": 1743.03125
}