{
  "height": 30,
  "width": 142,
  "x": 361.53125,
  "y": 1768.234375
}